592.7,1.2182,0.97,0.40831,0.10906,2.2805e+07
592.7,1.2182,0.97,0.40831,0.10937,2.2832e+07
592.7,1.2182,0.97,0.40831,0.10921,2.2807e+07
592.7,1.2182,0.97,0.40831,0.10897,2.2804e+07
592.7,1.2182,0.97,0.40831,0.10918,2.2808e+07
592.7,1.2182,0.97,0.40831,0.10895,2.2806e+07
592.7,1.2182,0.97,0.40831,0.10927,2.2824e+07
592.7,1.2182,0.97,0.40831,0.10904,2.2831e+07
592.69,1.2182,0.97,0.40832,0.10926,2.2806e+07
592.69,1.2182,0.97,0.40832,0.10906,2.2806e+07
592.7,1.2182,0.97,0.40832,0.10926,2.2806e+07
592.69,1.2182,0.97,0.40832,0.10908,2.2808e+07
592.69,1.2182,0.97,0.40832,0.10898,2.28e+07
592.69,1.2182,0.97,0.40832,0.10894,2.2811e+07
592.69,1.2182,0.97,0.40832,0.10906,2.2807e+07
592.69,1.2182,0.97,0.40832,0.10902,2.2801e+07
592.69,1.2182,0.97,0.40832,0.10905,2.2809e+07
592.69,1.2182,0.97,0.40832,0.10886,2.2823e+07
592.69,1.2182,0.96999,0.40832,0.10883,2.2809e+07
592.72,1.218,0.97,0.40833,0.10891,2.2829e+07
592.7,1.218,0.97,0.40833,0.10903,2.2807e+07
592.72,1.218,0.97,0.40833,0.10895,2.2785e+07
592.7,1.218,0.97,0.40833,0.10897,2.2813e+07
592.72,1.218,0.97,0.40833,0.10872,2.2795e+07
592.7,1.218,0.97,0.40833,0.1088,2.2812e+07
592.7,1.218,0.97,0.40833,0.10884,2.2807e+07
592.69,1.218,0.97,0.40834,0.10892,2.2794e+07
592.7,1.218,0.97,0.40834,0.10883,2.2817e+07
592.7,1.218,0.97,0.40834,0.10889,2.2793e+07
592.7,1.218,0.97,0.40834,0.10883,2.283e+07
592.69,1.218,0.97,0.40834,0.10886,2.2832e+07
592.69,1.218,0.97,0.40834,0.1088,2.2807e+07
592.69,1.218,0.97,0.40834,0.10882,2.2809e+07
592.68,1.218,0.97,0.40835,0.10883,2.28e+07
592.66,1.218,0.97,0.40835,0.10878,2.2818e+07
592.53,1.2184,0.96998,0.40836,0.10883,2.2829e+07
592.53,1.2183,0.96999,0.40837,0.10877,2.2829e+07
592.53,1.2183,0.96999,0.40838,0.10875,2.2821e+07
592.58,1.218,0.96997,0.40843,0.10881,2.2825e+07
592.49,1.218,0.96997,0.40845,0.10873,2.2805e+07
