606.44,1.1759,0.97
723,0.87925,0.94674
710.53,0.98423,0.97
723,0.95722,0.96124
720.51,0.91473,0.94784
721.1,0.93003,0.9529
723,0.90709,0.94651
675.47,1.0509,0.97
723,0.84677,0.9331
723,0.85623,0.94336
723,0.82696,0.92718
723,0.86377,0.94006
655.24,1.0534,0.96058
723,1.0065,0.97
646.11,1.0993,0.97
668.54,1.0627,0.96611
690.26,1.0061,0.96604
681.01,1.038,0.96661
723,0.81304,0.94206
717.88,0.9552,0.96191
613.7,1.1564,0.97
656.62,1.0812,0.9666
690.67,0.99804,0.96016
723,0.82311,0.94465
723,0.83326,0.94851
723,0.9107,0.94779
698.48,0.93287,0.94527
723,0.89007,0.94239
723,0.87315,0.94187
685.35,0.93372,0.94954
680.29,1.0158,0.96309
594.74,1.2029,0.97
723,0.8,0.92733
723,0.8948,0.94448
670.05,1.0238,0.96382
627.45,1.1303,0.9666
629.05,1.0882,0.9666
645.83,1.0913,0.9666
703.31,0.96433,0.95619
626.85,1.0749,0.95995
700.32,1.0014,0.96608
612.09,1.1395,0.96717
723,0.98568,0.9666
723,0.94406,0.95543
655.75,1.0838,0.97
668.14,1.0645,0.97
723,0.94835,0.95715
698.99,1.0044,0.96899
693.24,1.0302,0.97
705.07,0.97278,0.97
