581.02,1.2444,0.97,0.40908,0.15,2.37e+07
581.02,1.2444,0.97,0.40909,0.15,2.3703e+07
581.02,1.2444,0.97,0.40909,0.15,2.3693e+07
581.02,1.2444,0.96999,0.40909,0.15,2.3717e+07
581.02,1.2444,0.96999,0.4091,0.15,2.369e+07
581.02,1.2444,0.96999,0.4091,0.15,2.3715e+07
581.02,1.2444,0.96999,0.4091,0.15,2.3698e+07
581.02,1.2444,0.96999,0.4091,0.15,2.3691e+07
581.03,1.2444,0.96999,0.4091,0.15,2.3676e+07
581,1.2444,0.96999,0.4091,0.15,2.3703e+07
581.02,1.2444,0.96999,0.4091,0.15,2.3673e+07
580.99,1.2444,0.96999,0.40911,0.15,2.3716e+07
580.99,1.2444,0.96999,0.40911,0.15,2.3685e+07
580.99,1.2444,0.96999,0.40911,0.15,2.3728e+07
580.95,1.2442,0.97,0.40913,0.15,2.3702e+07
580.95,1.2442,0.97,0.40913,0.15,2.3708e+07
580.95,1.2442,0.97,0.40913,0.15,2.3702e+07
580.95,1.2442,0.97,0.40913,0.15,2.3709e+07
580.94,1.2442,0.97,0.40913,0.15,2.3694e+07
580.94,1.2442,0.97,0.40913,0.15,2.3698e+07
580.94,1.2442,0.97,0.40913,0.15,2.3708e+07
580.94,1.2442,0.97,0.40913,0.15,2.3689e+07
580.94,1.2442,0.97,0.40913,0.15,2.3695e+07
580.94,1.2442,0.97,0.40913,0.15,2.3712e+07
580.98,1.2442,0.97,0.40913,0.15,2.3695e+07
580.98,1.2442,0.97,0.40913,0.15,2.3706e+07
580.95,1.2442,0.97,0.40913,0.15,2.3713e+07
580.98,1.2442,0.97,0.40913,0.15,2.3718e+07
580.94,1.2442,0.97,0.40913,0.15,2.3726e+07
580.95,1.2442,0.97,0.40913,0.15,2.3701e+07
580.95,1.2442,0.96999,0.40913,0.15,2.3714e+07
580.95,1.2442,0.97,0.40913,0.15,2.369e+07
580.95,1.2442,0.96999,0.40914,0.15,2.37e+07
580.95,1.2442,0.96999,0.40914,0.15,2.3709e+07
580.95,1.2442,0.96999,0.40914,0.15,2.3702e+07
580.95,1.2442,0.96999,0.40914,0.15,2.3683e+07
580.95,1.2442,0.96999,0.40914,0.15,2.3714e+07
580.96,1.2442,0.96999,0.40914,0.15,2.3703e+07
580.96,1.2442,0.96999,0.40914,0.15,2.3687e+07
580.96,1.2442,0.96999,0.40914,0.15,2.3709e+07
580.95,1.2442,0.96999,0.40914,0.15,2.3722e+07
580.95,1.2442,0.96999,0.40914,0.15,2.3692e+07
580.95,1.2442,0.96999,0.40914,0.15,2.3713e+07
580.95,1.2442,0.96999,0.40914,0.15,2.3697e+07
580.95,1.2442,0.96999,0.40914,0.15,2.3708e+07
580.95,1.2442,0.96999,0.40914,0.15,2.3711e+07
580.95,1.2442,0.96999,0.40914,0.15,2.3689e+07
580.95,1.2442,0.96999,0.40914,0.15,2.3704e+07
580.96,1.2442,0.96998,0.40914,0.15,2.3698e+07
580.95,1.2442,0.96999,0.40915,0.15,2.3703e+07
